0.461224
0.504007
0.504928
0.501644
0.497917
0.494124
0.4903
0.486448
0.482567
0.478656
0.474713
0.470738
0.466728
0.462684
0.458605
0.454489
0.450336
0.446145
0.441916
0.437649
0.433342
0.428996
0.424611
0.420187
0.415723
0.41122
0.406678
0.402097
0.397478
0.392822
0.388129
0.383401
0.378637
0.373839
0.369008
0.364146
0.359253
0.354331
0.349382
0.344408
0.33941
0.33439
0.32935
0.324292
0.319218
0.31413
0.309032
0.303924
0.29881
0.293692
0.288573
0.283454
0.27834
0.273233
0.268134
0.263048
0.257976
0.252922
0.247888
0.242878
0.237893
0.232936
0.228011
0.22312
0.218265
0.213449
0.208674
0.203944
0.19926
0.194624
1.73209
2.2556
2.29086
2.27722
2.25864
2.23949
2.22021
2.20084
2.18138
2.16183
2.14217
2.12242
2.10256
2.08258
2.0625
2.0423
2.02198
2.00155
1.98099
1.96032
1.93952
1.9186
1.89755
1.87638
1.85509
1.83368
1.81215
1.79051
1.76874
1.74687
1.72488
1.70279
1.6806
1.65831
1.63593
1.61345
1.5909
1.56827
1.54556
1.5228
1.49997
1.4771
1.45418
1.43123
1.40825
1.38525
1.36224
1.33923
1.31623
1.29325
1.27029
1.24737
1.2245
1.20168
1.17893
1.15626
1.13368
1.11119
1.08881
1.06655
1.04442
1.02243
1.00059
0.978904
0.957389
0.936053
0.914906
0.893955
0.873212
0.852684
0.832381
0.81231
0.79248
0.772897
0.753571
1.89256
4.69129
4.95363
4.96226
4.94546
4.92604
4.9063
4.88646
4.86654
4.84654
4.82647
4.80633
4.78611
4.76582
4.74546
4.72503
4.70452
4.68394
4.66329
4.64256
4.62177
4.60091
4.57998
4.55898
4.53792
4.51679
4.49559
4.47432
4.453
4.43161
4.41015
4.38864
4.36706
4.34542
4.32373
4.30197
4.28016
4.25829
4.23637
4.21439
4.19236
4.17027
4.14814
4.12595
4.10371
4.08142
4.05909
4.0367
4.01427
3.9918
3.96928
3.94671
3.92411
3.90146
3.87877
3.85605
3.83328
3.81047
3.78763
3.76476
3.74184
3.7189
3.69592
3.67291
3.64987
3.6268
3.6037
3.58057
3.55741
3.53423
3.51103
3.4878
3.46455
3.44128
3.41799
3.39468
2.76939
2.52687
2.47224
2.43648
2.4027
2.36921
2.33585
2.30261
2.26948
2.23648
2.20361
2.17088
2.1383
2.10586
2.07357
2.04145
2.00949
1.97771
1.9461
1.91467
1.88343
1.85238
1.82153
1.79089
1.76046
1.73023
1.70023
1.67046
1.64091
1.6116
1.58253
1.5537
1.52512
1.49679
1.46873
1.44092
1.41338
1.38611
1.35912
1.33241
1.30597
1.27983
1.25397
1.22841
1.20314
1.17817
1.15351
1.12915
1.1051
1.08135
1.05792
1.03481
1.01201
0.989529
0.967368
0.945529
0.924012
0.902819
0.881951
0.861408
0.84119
0.821299
0.801734
0.782495
0.763583
0.744996
0.726734
0.708796
0.691182
0.67389
0.656919
0.640268
0.623935
0.607918
5.25694
7.68551
7.88906
7.8701
7.82888
7.78544
7.74177
7.69807
7.65437
7.61066
7.56695
7.52324
7.47952
7.4358
7.39208
7.34835
7.30463
7.2609
7.21717
7.17344
7.12971
7.08598
7.04225
6.99852
6.95479
6.91106
6.86733
6.8236
6.77987
6.73614
6.69242
6.6487
6.60498
6.56126
6.51755
6.47384
6.43013
6.38643
6.34273
6.29904
6.25535
6.21166
6.16799
6.12431
6.08065
6.03698
5.99333
5.94968
5.90604
5.86241
5.81879
5.77517
5.73157
5.68797
5.64438
5.60081
5.55724
5.51369
5.47015
5.42661
5.3831
5.33959
5.2961
5.25263
5.20916
5.16572
5.12229
5.07888
5.03548
4.9921
4.94875
4.90541
4.86209
4.8188
4.77552
4.73227
8.06167
8.73121
8.76007
8.72487
8.68325
8.641
8.59868
8.55636
8.51403
8.47171
8.42939
8.38707
8.34475
8.30243
8.26011
8.21779
8.17548
8.13316
8.09084
8.04853
8.00622
7.96391
7.9216
7.87929
7.83698
7.79467
7.75237
7.71007
7.66776
7.62546
7.58317
7.54087
7.49857
7.45628
7.41399
7.3717
7.32941
7.28713
7.24485
7.20257
7.16029
7.11801
7.07574
7.03347
6.99121
6.94894
6.90668
6.86442
6.82217
6.77992
6.73767
6.69543
6.65319
6.61095
6.56872
6.5265
6.48427
6.44206
6.39984
6.35764
6.31543
6.27324
6.23105
6.18886
6.14668
6.10451
6.06234
6.02018
5.97803
5.93589
5.89375
5.85162
5.8095
5.76739
5.72528
5.68319
12.3937
13.0412
13.0824
13.063
13.0375
13.0114
12.9853
12.9591
12.9329
12.9068
12.8806
12.8544
12.8283
12.8021
12.7759
12.7498
12.7236
12.6975
12.6713
12.6451
12.619
12.5928
12.5666
12.5405
12.5143
12.4882
12.462
12.4358
12.4097
12.3835
12.3573
12.3312
12.305
12.2789
12.2527
12.2265
12.2004
12.1742
12.148
12.1219
12.0957
12.0696
12.0434
12.0172
11.9911
11.9649
11.9387
11.9126
11.8864
11.8603
11.8341
11.8079
11.7818
